1 1 1
0.9215686 0.9215686 0.9215686
0.8901961 0.8901961 0.8901961
0.8627451 0.8627451 0.8627451
0.8431373 0.8431373 0.8431373
0.8235294 0.8235294 0.8235294
0.8078431 0.8078431 0.8078431
0.7921569 0.7921569 0.7921569
0.7803922 0.7803922 0.7803922
0.7686275 0.7686275 0.7686275
0.7529412 0.7529412 0.7529412
0.7411765 0.7411765 0.7411765
0.7333333 0.7333333 0.7333333
0.7215686 0.7215686 0.7215686
0.7098039 0.7098039 0.7098039
0.7019608 0.7019608 0.7019608
0.6901961 0.6901961 0.6901961
0.6823529 0.6823529 0.6823529
0.6745098 0.6745098 0.6745098
0.6666667 0.6666667 0.6666667
0.6588235 0.6588235 0.6588235
0.6470588 0.6470588 0.6470588
0.6392157 0.6392157 0.6392157
0.6313725 0.6313725 0.6313725
0.627451 0.627451 0.627451
0.6196078 0.6196078 0.6196078
0.6117647 0.6117647 0.6117647
0.6039216 0.6039216 0.6039216
0.5960784 0.5960784 0.5960784
0.5921569 0.5921569 0.5921569
0.5843137 0.5843137 0.5843137
0.5764706 0.5764706 0.5764706
0.572549 0.572549 0.572549
0.5647059 0.5647059 0.5647059
0.5568627 0.5568627 0.5568627
0.5529412 0.5529412 0.5529412
0.545098 0.545098 0.545098
0.5411765 0.5411765 0.5411765
0.5333333 0.5333333 0.5333333
0.5294118 0.5294118 0.5294118
0.5215686 0.5215686 0.5215686
0.5176471 0.5176471 0.5176471
0.5137255 0.5137255 0.5137255
0.5058824 0.5058824 0.5058824
0.5019608 0.5019608 0.5019608
0.4980392 0.4980392 0.4980392
0.4901961 0.4901961 0.4901961
0.4862745 0.4862745 0.4862745
0.4823529 0.4823529 0.4823529
0.4745098 0.4745098 0.4745098
0.4705882 0.4705882 0.4705882
0.4666667 0.4666667 0.4666667
0.4627451 0.4627451 0.4627451
0.454902 0.454902 0.4588235
0.4509804 0.4509804 0.4509804
0.4470588 0.4470588 0.4470588
0.4431373 0.4431373 0.4431373
0.4392157 0.4392157 0.4392157
0.4352941 0.4352941 0.4352941
0.427451 0.427451 0.427451
0.4235294 0.4235294 0.4235294
0.4196078 0.4196078 0.4196078
0.4156863 0.4156863 0.4156863
0.4117647 0.4117647 0.4117647
0.4078431 0.4078431 0.4078431
0.4039216 0.4039216 0.4039216
0.4 0.4 0.4
0.3960784 0.3960784 0.3960784
0.3921569 0.3921569 0.3921569
0.3882353 0.3882353 0.3882353
0.3843137 0.3843137 0.3843137
0.3803922 0.3803922 0.3803922
0.3764706 0.3764706 0.3764706
0.372549 0.372549 0.372549
0.3686275 0.3686275 0.3686275
0.3647059 0.3647059 0.3647059
0.3607843 0.3607843 0.3607843
0.3568627 0.3568627 0.3568627
0.3529412 0.3529412 0.3529412
0.3490196 0.3490196 0.3490196
0.345098 0.345098 0.345098
0.3411765 0.3411765 0.3411765
0.3372549 0.3372549 0.3372549
0.3333333 0.3333333 0.3333333
0.3294118 0.3294118 0.3294118
0.3254902 0.3254902 0.3254902
0.3215686 0.3215686 0.3215686
0.3215686 0.3215686 0.3215686
0.3176471 0.3176471 0.3176471
0.3137255 0.3137255 0.3137255
0.3098039 0.3098039 0.3098039
0.3058824 0.3058824 0.3058824
0.3019608 0.3019608 0.3019608
0.2980392 0.2980392 0.2980392
0.2980392 0.2980392 0.2980392
0.2941176 0.2941176 0.2941176
0.2901961 0.2901961 0.2901961
0.2862745 0.2862745 0.2862745
0.2823529 0.2823529 0.2823529
0.2784314 0.2784314 0.2784314
0.2784314 0.2784314 0.2784314
