1 1 1
0.9098039 0.9176471 0.9686275
0.8745098 0.8862745 0.9529412
0.8470588 0.8588235 0.9411765
0.8235294 0.8392157 0.9333333
0.8039216 0.8196078 0.9254902
0.7843137 0.8039216 0.9176471
0.7686275 0.7882353 0.9098039
0.7529412 0.772549 0.9058824
0.7372549 0.7607843 0.8980392
0.7215686 0.7490196 0.8941176
0.7098039 0.7372549 0.8901961
0.6980392 0.7254902 0.8823529
0.6862745 0.7137255 0.8784314
0.6745098 0.7019608 0.8745098
0.6627451 0.6941176 0.8705882
0.6509804 0.6823529 0.8666667
0.6392157 0.6745098 0.8627451
0.627451 0.6666667 0.8588235
0.6196078 0.654902 0.854902
0.6078431 0.6470588 0.8509804
0.6 0.6392157 0.8470588
0.5882353 0.6313725 0.8431373
0.5803922 0.6235294 0.8392157
0.572549 0.6156863 0.8352941
0.5647059 0.6078431 0.8313725
0.5529412 0.6 0.827451
0.545098 0.5921569 0.827451
0.5372549 0.5843137 0.8235294
0.5294118 0.5764706 0.8196078
0.5215686 0.572549 0.8156863
0.5137255 0.5647059 0.8156863
0.5058824 0.5568627 0.8117647
0.4980392 0.5529412 0.8078431
0.4901961 0.545098 0.8039216
0.4823529 0.5372549 0.8039216
0.4745098 0.5333333 0.8
0.4666667 0.5254902 0.7960784
0.4588235 0.5215686 0.7960784
0.4509804 0.5137255 0.7921569
0.4470588 0.5098039 0.7921569
0.4392157 0.5019608 0.7882353
0.4313725 0.4980392 0.7843137
0.4235294 0.4901961 0.7843137
0.4156863 0.4862745 0.7803922
0.4117647 0.4784314 0.7803922
0.4039216 0.4745098 0.7764706
0.3960784 0.4705882 0.7764706
0.3882353 0.4627451 0.772549
0.3803922 0.4588235 0.772549
0.3764706 0.454902 0.7686275
0.3686275 0.4470588 0.7686275
0.3607843 0.4431373 0.7647059
0.3568627 0.4392157 0.7647059
0.3490196 0.4313725 0.7607843
0.3411765 0.427451 0.7607843
0.3333333 0.4235294 0.7607843
0.3294118 0.4196078 0.7568627
0.3215686 0.4117647 0.7568627
0.3137255 0.4078431 0.7529412
0.3058824 0.4039216 0.7529412
0.2980392 0.4 0.7529412
0.2941176 0.3921569 0.7490196
0.2862745 0.3882353 0.7490196
0.2784314 0.3843137 0.7490196
0.2705882 0.3803922 0.745098
0.2627451 0.3764706 0.745098
0.254902 0.372549 0.745098
0.2470588 0.3647059 0.745098
0.2392157 0.3607843 0.7411765
0.2313725 0.3568627 0.7411765
0.2235294 0.3529412 0.7411765
0.2156863 0.3490196 0.7411765
0.2078431 0.345098 0.7411765
0.2 0.3411765 0.7411765
0.1921569 0.3372549 0.7372549
0.1803922 0.3294118 0.7372549
0.172549 0.3254902 0.7372549
0.1607843 0.3215686 0.7372549
0.1490196 0.3176471 0.7372549
0.1372549 0.3137255 0.7372549
0.1254902 0.3098039 0.7372549
0.1137255 0.3058824 0.7372549
0.09803922 0.3019608 0.7372549
0.07843137 0.2980392 0.7372549
0.05490196 0.2941176 0.7411765
0.02745098 0.2901961 0.7411765
0 0.2823529 0.7411765
0 0.2784314 0.7411765
0 0.2745098 0.7411765
0 0.2705882 0.745098
0 0.2666667 0.745098
0 0.2627451 0.745098
0 0.2588235 0.7490196
0 0.254902 0.7490196
0 0.2509804 0.7529412
0 0.2470588 0.7529412
0 0.2392157 0.7568627
0 0.2352941 0.7568627
0 0.2313725 0.7607843
0 0.227451 0.7647059
