1 1 1
0.8941176 0.9333333 0.8823529
0.8509804 0.9058824 0.8352941
0.8156863 0.8823529 0.7960784
0.7882353 0.8666667 0.7647059
0.7607843 0.8509804 0.7372549
0.7411765 0.8352941 0.7137255
0.7176471 0.8235294 0.6901961
0.7019608 0.8117647 0.6666667
0.6823529 0.8 0.6470588
0.6666667 0.7882353 0.627451
0.6509804 0.7803922 0.6117647
0.6352941 0.7686275 0.5921569
0.6196078 0.7607843 0.5764706
0.6039216 0.7529412 0.5607843
0.5921569 0.7411765 0.545098
0.5764706 0.7333333 0.5294118
0.5647059 0.7254902 0.5137255
0.5529412 0.7176471 0.4980392
0.5411765 0.7098039 0.4862745
0.5294118 0.7019608 0.4705882
0.5176471 0.6980392 0.454902
0.5058824 0.6901961 0.4431373
0.4941176 0.6823529 0.4313725
0.4823529 0.6745098 0.4156863
0.4745098 0.6705882 0.4039216
0.4627451 0.6627451 0.3921569
0.4509804 0.654902 0.3764706
0.4431373 0.6509804 0.3647059
0.4313725 0.6431373 0.3529412
0.4235294 0.6392157 0.3411765
0.4117647 0.6313725 0.3254902
0.4039216 0.627451 0.3137255
0.3960784 0.6196078 0.3019608
0.3843137 0.6156863 0.2901961
0.3764706 0.6117647 0.2745098
0.3686275 0.6039216 0.2627451
0.3568627 0.6 0.2509804
0.3490196 0.5960784 0.2352941
0.3411765 0.5882353 0.2235294
0.3294118 0.5843137 0.2078431
0.3215686 0.5803922 0.1921569
0.3137255 0.572549 0.1803922
0.3058824 0.5686275 0.1607843
0.2941176 0.5647059 0.145098
0.2862745 0.5607843 0.1254902
0.2784314 0.5529412 0.1058824
0.2705882 0.5490196 0.08235294
0.2627451 0.545098 0.04705882
0.2509804 0.5411765 0.007843137
0.2431373 0.5372549 0
0.2352941 0.5333333 0
0.227451 0.5294118 0
0.2196078 0.5215686 0
0.2078431 0.5176471 0
0.2 0.5137255 0
0.1921569 0.5098039 0
0.1803922 0.5058824 0
0.172549 0.5019608 0
0.1607843 0.4980392 0
0.1529412 0.4941176 0
0.1411765 0.4901961 0
0.1294118 0.4862745 0
0.1215686 0.4823529 0
0.1058824 0.4784314 0
0.09411765 0.4745098 0
0.08235294 0.4705882 0
0.06666667 0.4666667 0
0.04705882 0.4627451 0
0.02745098 0.4588235 0
0.003921569 0.454902 0
0 0.4509804 0
0 0.4470588 0
0 0.4431373 0
0 0.4392157 0
0 0.4352941 0
0 0.4313725 0
0 0.427451 0
0 0.4235294 0
0 0.4196078 0
0 0.4196078 0
0 0.4156863 0
0 0.4117647 0
0 0.4078431 0
0 0.4039216 0
0 0.4 0
0 0.3960784 0
0 0.3921569 0
0 0.3921569 0
0 0.3882353 0
0 0.3843137 0
0 0.3803922 0
0 0.3764706 0
0 0.372549 0
0 0.3686275 0
0 0.3686275 0
0 0.3647059 0
0 0.3607843 0
0 0.3568627 0
0 0.3529412 0
0 0.3529412 0
